A
11011
10101
10001
10101
10101
B
10001
10110
10001
10110
10001
C
10001
01111
01111
01111
10001
D
10001
10110
10110
10110
10001
E
10000
10111
10000
10111
10000
F
10000
10111
10011
10111
10111
G
10001
01111
01100
01110
10001
H
10101
10101
10001
10101
10101
I
10001
11011
11011
11011
10001
J
10001
11101
11101
10101
11011
K
10110
10101
10011
10101
10110
L
10111
10111
10111
10111
10001
M
10101
01010
01110
01110
01110
N
01110
00110
01010
01100
01110
O
10001
01110
01110
01110
10001
P
10001
10110
10001
10111
10111
Q
10001
01110
01110
10001
11110
R
00011
01101
00011
01011
01101
S
10000
01111
10001
11110
00001
T
00000
11011
11011
11011
11011
U
01110
01110
01110
01110
10001
V
01110
01110
10101
10101
11011
W
01110
01110
01110
01010
10101
X
01110
10101
11011
10101
01110
Y
01110
10101
11011
11011
11011
Z
00000
11101
11011
10111
00000